low accuracy
N	Time_approx	Time_direct	Speedup		Error
64	5.00e-01	2.56e+00	5.12e+00	1.76e-03
128	2.72e+00	4.61e+01	1.69e+01	1.60e-03
256	1.39e+01	8.50e+02	6.09e+01	2.09e-03
512	6.80e+01	1.47e+04	2.17e+02	1.91e-03
1024	3.22e+02	2.44e+05	7.59e+02	2.19e-03
2048	1.50e+03	3.73e+06	2.49e+03	2.58e-03

medium accuracy
N	Time_approx	Time_direct	Speedup		Error
64	1.33e+00	2.56e+00	1.92e+00	3.09e-05
128	6.58e+00	4.61e+01	7.00e+00	2.57e-05
256	3.16e+01	8.40e+02	2.66e+01	3.21e-05
512	1.47e+02	1.47e+04	1.00e+02	3.14e-05
1024	6.68e+02	2.46e+05	3.69e+02	2.99e-05
2048	3.00e+03	3.72e+06	1.24e+03	3.03e-05

high accuracy
N	Time_approx	Time_direct	Speedup		Error
64	3.66e+00	1.92e+00	5.25e-01	2.89e-07
128	1.50e+01	4.61e+01	3.07e+00	3.45e-07
256	7.59e+01	8.29e+02	1.09e+01	3.36e-07
512	3.32e+02	1.43e+04	4.31e+01	2.93e-07
1024	1.38e+03	2.46e+05	1.78e+02	3.95e-07
2048	6.06e+03	3.72e+06	6.15e+02	3.82e-07

